5 16 24 66 81
13 75 78 80 87
32 51 56 57 64
12 15 21 69 79
13 31 57 68 74
1 7 22 40 84
18 37 39 58 67
11 20 21 46 56
7 13 51 58 76
9 36 65 66 72
1 4 42 62 88
12 18 20 44 80
1 4 9 65 69
28 37 45 47 70
19 37 67 68 87
5 14 22 33 50
11 13 16 18 81
25 31 46 79 87
3 55 60 63 72
48 52 61 72 87
20 38 55 56 73
12 31 39 51 82
11 33 44 52 67
5 19 61 63 64
6 28 61 79 85
2 7 22 57 73
19 21 32 44 65
9 39 50 55 85
3 5 66 78 81
28 55 58 73 76
3 4 11 70 76
8 9 28 41 62
15 18 30 56 63
22 41 50 62 63
2 24 77 79 85
14 34 50 58 77
5 33 36 51 83
7 12 16 59 69
8 38 60 73 75
32 40 68 73 84
5 7 26 61 81
8 15 22 34 47
18 31 39 47 83
10 16 26 70 81
11 18 41 52 72
9 53 60 64 85
31 46 53 58 60
23 26 56 79 82
4 21 37 58 82
30 42 76 86 87
16 22 58 68 82
39 52 67 75 83